Test 1 failed due to excessive moves (1667 > 700): push_swap -2776 1438 -953 1359 -4138 -3594 3860 -2684 712 4317 1832 2481 1173 3963 2666 4749 -1353 2523 -1083 -413 -2051 4147 -1449 -2859 4665 -734 -1740 3528 -1895 -435 -3013 3090 4871 284 2198 -140 2611 4186 1999 -4039 2028 -4564 -4692 -3629 -4691 -95 -4273 4679 -4762 3621 -3467 -3184 -941 -833 989 -560 -464 -3069 275 -3495 1789 -3185 -3143 -4667 -372 1825 -3481 2112 -4048 2470 -3234 3443 -1420 3704 -1328 -2957 -1175 -3649 1847 -4270 -2076 -619 -1069 2369 -774 -265 -3754 744 1649 4532 -2961 1105 4082 -2940 1145 -3645 -2224 4169 4290 -3295
Test 2 failed due to excessive moves (1847 > 700): push_swap -2755 -3194 -4924 2854 -1682 761 2293 -961 965 -501 410 -2720 -2038 4700 2127 4919 3355 -298 -3613 3864 -3130 3306 -4453 -1444 1612 3397 4338 4236 3675 1526 -4516 3065 -2512 -3424 3733 -2913 3849 728 -3536 961 2252 1057 -3621 -2397 4050 -2693 1048 1615 -1948 3109 -2420 2901 4153 -3278 3138 -4733 1348 -776 -1180 984 3473 -2739 3575 -4634 -4749 2805 -1330 -438 -979 -376 -777 -4544 -3465 -1273 990 3652 -2237 -1832 -1260 1996 -4215 4443 -2565 2647 -1781 366 4594 -4993 1081 -2734 -3064 3261 -1631 -3279 -4933 4305 -2122 2874 -4127 -1589
Test 3 failed due to excessive moves (1749 > 700): push_swap 132 -4485 1168 -3508 376 -1568 -2390 -90 -267 -2781 -475 357 -4528 2134 -2854 -2432 1424 2904 4785 -1654 -4251 -4067 -2775 -3431 1233 1851 2201 -4797 -441 -4445 -4434 4717 3100 -63 -672 2582 -2375 -4691 2129 -3944 -847 -547 -2140 303 -1980 -2393 572 3186 -2469 2162 -1262 -4009 855 -3939 -1894 174 -3726 699 3233 268 -2581 3760 4286 3301 3970 -1526 2272 422 -1016 -3356 2481 3736 -4694 -4601 -1089 163 1246 -1491 -3213 -1887 -407 4612 -4628 3327 884 -3119 2844 3675 737 -2748 1428 -3484 -1290 4195 2282 4628 -2045 -1269 4971 -827
Test 4 failed due to excessive moves (1872 > 700): push_swap 889 -4051 -3337 -3867 979 -4357 318 -1965 1687 1796 -434 -4953 1910 -4096 -2590 2219 -3000 2462 4091 -1408 4072 -3706 -3114 73 2834 -351 -1984 -3927 3777 -4076 122 -4067 -873 682 -4509 1689 2261 1987 -2319 2161 661 4211 592 -4154 -3278 -4655 3137 -3751 4725 1076 -4309 1401 247 -1867 -1406 -910 3161 -4342 -2585 4215 195 1326 508 -2364 -665 -2500 -4582 867 -504 -2201 -1327 -1036 -4054 3272 2283 659 -4611 4789 40 -2686 1380 158 3375 -3040 -830 2296 -1358 -694 2861 4862 1075 3160 -932 -3537 4116 -3897 -2033 -3923 -520 -3503
Test 5 failed due to excessive moves (1909 > 700): push_swap -2277 2448 1230 -4633 4061 436 -618 4559 2048 -2151 -512 -3610 790 -1814 -4059 -4255 -1337 -456 -1231 -3993 4370 4396 -1425 2647 -2026 -2588 4511 -2618 -2940 475 4157 4326 -3783 2373 -2872 -2892 1115 3276 -3321 -2759 1423 -4855 3153 -4613 -2551 1245 1607 -2698 3214 -664 4513 645 -3051 -4981 -1370 3677 -1852 1151 -1263 -4825 -3547 -628 -3921 1611 -3337 -2333 -3778 -3654 -4567 2110 2054 -579 -4076 2913 -400 -1945 -4318 485 -4057 -3814 -3732 2276 -550 4237 266 -420 -1974 -1540 4011 3902 -3872 -2836 -9 1605 4150 3654 -136 -2900 -3868 -4115
Test 6 failed due to excessive moves (1718 > 700): push_swap 1816 -1044 2184 -4248 -4624 -4782 816 2684 214 -3406 2907 4081 -1270 3089 -1969 601 -1355 4699 3475 2908 1924 3588 434 4848 -2131 133 1303 -2591 -2590 -4168 1394 4370 1302 -4158 -3084 -4011 1696 2404 3341 -3676 -242 -566 1676 3304 1418 -3599 4967 2143 -2219 -1084 1899 -2907 -2276 -801 2169 -3308 -864 2332 -2336 -696 -4975 -4929 -1478 -3839 373 -4772 -1121 1989 -3769 -258 -2293 1777 196 -3652 658 515 -4629 -2288 -2749 -4367 -3488 -2648 -612 3277 -2259 3067 4380 976 -4512 1447 305 -4867 -4990 1446 4383 3444 1638 4029 3280 942
Test 7 failed due to excessive moves (1849 > 700): push_swap 525 -865 34 -4898 626 -3685 4361 -144 4615 -907 1941 4439 -3315 -4135 -4416 -1049 -2865 -178 2257 -3140 -4628 4005 -1124 4944 2939 -10 3804 -4174 4910 -1573 -566 4502 -410 -763 -4042 -3224 2721 -4160 4918 -2804 4480 4288 -2469 1126 2715 3877 1625 -359 3357 -453 823 -704 -1156 -585 -3383 -948 -4873 -2794 2580 -3834 -2635 -2442 3479 -3299 151 -323 -225 4091 -1510 413 425 -2735 -3488 3638 -957 834 -3624 -2430 1151 4336 1279 -3923 2992 4966 4550 4190 -2520 1873 1359 607 -1106 -4262 1759 2090 -1050 2328 -1552 -3910 761 1120
Test 8 failed due to excessive moves (1768 > 700): push_swap -3714 -3372 4509 4351 3326 565 -297 663 409 -252 -4922 1773 4991 2147 -3295 4057 -2986 -2003 -4576 -4099 4694 -2370 -2358 -1017 -4705 -4543 -4260 -634 -3039 785 -4611 1283 -4886 -2423 -2346 -4983 -2484 1391 -261 -4141 -4070 4316 -4775 2422 2097 -4305 1423 76 -32 -4742 3824 4096 -1325 -45 810 4132 -1273 -441 -4848 1398 -197 3080 -2802 -3735 -4195 -1637 185 622 1550 3106 -2911 -2963 -2689 2599 3479 644 -3220 2035 3396 806 -3901 -3424 3558 -4548 -3536 4517 -3456 83 4393 -2391 -800 -4336 3861 1362 -2823 -4649 208 390 3110 -1743
Test 9 failed due to excessive moves (1790 > 700): push_swap -2947 -3002 -1030 4595 489 3205 4382 -469 -2843 4011 3882 2981 -1366 2319 -4519 -109 -253 -2476 239 2249 -3965 -3189 -1491 -901 4049 708 4100 3175 -1475 -3093 -1982 -2452 20 -1397 1407 -3230 -4451 -4702 2611 501 -403 -1695 -4153 -2303 -2022 -1541 -4628 1965 1304 -3892 1625 -3300 3651 312 197 -4039 3322 2785 3893 2304 -2862 -2884 -3803 4587 1513 4175 -1928 -4390 2369 -4928 2894 373 2776 -279 953 3075 1469 -783 4733 2610 -2067 -867 4478 1540 3378 -1853 -3038 -1594 -1886 -3022 978 -4317 -2509 -2562 4099 1237 -1570 -198 4249 -2459
Test 10 failed due to excessive moves (1743 > 700): push_swap 2327 -2442 2739 -4632 2119 4304 -1616 -3084 -1909 -302 -3269 4718 -924 -4148 1163 2884 2861 -2568 357 4184 -4928 897 -1906 -227 -4204 1752 1387 -857 594 660 -3677 -2411 3152 -2639 -3434 1329 -815 -2776 3714 2178 -786 -3754 3607 -2725 -4159 -4979 3260 -4221 2114 3270 -936 -1170 -838 -4937 -3515 1410 259 -935 -1807 -3466 -2737 -204 485 2470 2988 -947 -3483 -107 2505 1226 -4271 635 -605 1822 -4395 -2359 -2313 3142 1178 -1526 -2018 3655 1493 1036 -3423 -3397 2171 2121 4482 -1576 2606 -1843 4425 -965 -3436 -2933 -3092 2506 -3294 -1299
Test 11 failed due to excessive moves (1889 > 700): push_swap 775 -3465 353 -1366 -1227 -535 3203 -55 4452 3251 2109 -3958 -1697 -3377 4740 -4014 -2992 -328 -4241 -1211 2250 4203 -2659 1859 1760 -1862 -938 3967 -2332 3690 -1955 -2923 2182 -3697 815 -4458 -3877 -2069 -2139 -3874 449 -4184 -760 -3751 -2937 -3286 3819 4870 -2195 2649 -3262 67 -44 1013 -4102 563 -2201 -2759 2622 -531 2173 -442 4771 4609 3590 -3365 -4573 -3872 -1284 -4205 -3571 3539 3160 433 4569 -358 1776 4481 588 -3110 -1920 -3880 -4495 -1652 -3897 -3704 1211 -3641 -693 -412 -3260 3798 -2989 543 458 -2286 -1895 -3706 1935 1343
Test 12 failed due to excessive moves (1741 > 700): push_swap -3823 -1613 -1022 1434 -3433 -83 -4053 -4235 -2542 -2036 -4382 1679 -3329 -4715 814 3481 -3979 -3861 -4070 -2509 -3446 20 -3581 2503 4892 4681 -2099 -1409 796 1976 351 166 4714 632 4724 -3901 180 1585 -1429 -361 -2210 85 689 1335 2211 -2783 2113 3802 -2727 -4740 4091 -290 4383 4048 -2345 2245 -308 -1101 -1029 -2193 -2068 -3060 4071 -2867 736 -2874 -4292 2680 -2516 -701 4880 -4261 4659 2665 1923 -23 -2363 -1104 -1093 -3244 -3899 -4211 520 -4628 1788 4736 1432 -925 -737 -2409 -896 1460 -2721 -3385 -4239 -1882 -4334 -3414 3669 -4326
Test 13 failed due to excessive moves (1848 > 700): push_swap -2394 4933 2107 2847 -2483 3910 -1069 -4368 2835 4850 -1141 4179 -3639 -1509 -744 1019 -1024 2177 -651 -1923 -1544 3785 -3209 -4391 3866 3373 4722 -1019 -1009 -1638 1497 3124 2171 927 -3226 -3115 186 -3992 -2829 -2601 1882 1765 -3481 -3560 -43 -4218 -3421 1603 -4746 1951 -4491 615 1664 -3153 -3538 3652 -3936 3493 2439 3433 2914 -4197 -2695 -4646 4807 702 829 -1878 -2512 3760 -3024 2878 261 -4381 -4014 -2659 3359 685 414 1865 4924 2900 4446 2604 -4954 -4562 2307 780 -3071 -1474 -4271 4141 -189 -1245 1938 -2831 -3787 -2322 -3602 -3349
Test 14 failed due to excessive moves (1814 > 700): push_swap 2224 3544 -3443 4238 4334 -2361 4047 2770 -98 2953 -312 4150 3013 4346 -1146 1837 -2690 4840 -524 3564 -3856 4999 -53 -74 -1511 2944 4453 -426 3017 -2531 -4536 -3195 2233 3235 1765 -4707 -780 -3149 -4568 -96 -4257 -1400 4066 2105 623 -3272 -2435 -3118 -191 2362 -2544 -3740 -409 -3414 2616 3621 -7 -4658 3922 3032 -1958 -4584 -4808 3508 4983 2336 -2290 1087 -2913 37 -3266 -951 3293 1941 -3069 2366 2733 -2427 738 -877 921 322 3001 3818 -2518 -2443 -897 -2475 3111 4895 -2735 -156 1312 8 -4729 -144 -712 -701 -3082 -3147
Test 15 failed due to excessive moves (1793 > 700): push_swap -2107 4853 -423 -2635 376 -3887 3655 -2638 -2090 2357 -238 4199 69 3166 2935 1507 -692 1322 1598 -1237 3497 4706 4693 1381 3842 -962 -1711 4264 -3734 3225 -3236 3332 4200 -3050 -2269 -1661 -4670 1104 -1718 666 1019 1502 -1548 769 -2817 -306 578 -3891 2867 -4267 -276 -3747 2412 -4106 2075 3139 -3620 -2036 -4037 2673 179 -4244 -2837 -2256 941 -2695 2369 116 906 -4286 -4446 -1310 859 -117 262 -422 -2577 -2362 -2458 -4749 -3230 4507 -1666 -2897 3431 2289 2601 -3378 -3490 -4390 -4148 -4848 -602 -1465 3711 -4832 2399 2104 3189 -683
Test 16 failed due to excessive moves (1825 > 700): push_swap -2484 3280 -2533 2949 -3785 -1678 -3924 4240 -2269 21 4420 -4867 -4998 -4105 3539 -1002 -2737 3371 -471 3733 592 3390 997 94 -3741 -1620 -4888 -2203 -3518 2186 1592 294 198 -1053 631 416 -3997 4377 4208 4960 -4724 -3116 2630 253 -509 2679 4153 4676 -4651 -1354 -156 3678 -4390 -4662 -2608 -428 -1148 3985 2417 4542 -4410 -1155 -2479 -1607 -3272 -2193 -4409 2940 -2265 2507 3890 -1568 -3740 4089 -4185 2360 -4537 -45 -1940 -525 3724 2380 -3697 -595 4406 -4072 601 2937 2068 4586 -48 3574 -2217 -4070 -2876 -3335 784 570 555 518
Test 17 failed due to excessive moves (1764 > 700): push_swap -3682 -3206 -474 2335 -1373 3200 -1889 -3398 1813 -4785 -4627 1836 -4984 -3874 -2942 1446 -3079 -171 -2033 -2687 486 -4600 1530 907 -168 1152 -3237 -2308 -237 709 -571 2196 2592 -3015 -1865 -2806 2686 -2780 -3725 -1415 776 -3826 2543 -3888 -3848 3279 -2426 -2407 -4056 -4912 -2189 2131 -3696 3306 -2982 2831 2332 -2937 4452 -1678 1558 -2618 3637 -611 1270 -4946 -3419 -3155 4443 -1137 -3087 2086 1571 -1994 -4179 -1990 3032 -4993 2829 2590 289 -4442 2358 1841 -1596 4527 -2042 2938 -2531 -3881 4400 -1163 2905 -3006 -3650 4161 -2145 2312 1028 462
Test 18 failed due to excessive moves (1721 > 700): push_swap 2992 1482 -780 679 3291 2273 462 -3955 -3713 -2705 -2090 -3828 2549 2531 4627 3341 -4112 1960 3541 -2882 2361 -2763 -2005 1227 -1563 -4130 4284 -3548 -4164 -2058 1854 3986 270 -2318 -3589 4386 -4268 4360 -2577 -4250 4917 -4686 -304 -2475 -3357 -756 1193 -2599 -4418 -2405 -207 2650 77 2140 695 2413 -583 -2209 622 -3976 820 4710 3045 -4132 -4470 596 -4407 -4458 751 -4876 4906 -134 2209 -863 54 -3782 680 -4117 -1434 -2804 4797 -1900 2979 2922 3991 -3557 4375 -4731 -3957 -112 -4894 -3343 -823 2581 -1353 -1254 -4264 1749 -3324 4816
Test 19 failed due to excessive moves (1653 > 700): push_swap -4087 226 -3612 -3532 4041 1505 -3699 -4341 -2182 3146 2186 3211 630 429 -4378 2008 -1404 4036 3910 1058 2417 -1152 -2757 4811 2382 2913 -4773 -1943 2160 1967 1561 4852 -2080 1701 -4646 3828 -4146 4531 -298 585 -436 -4547 -2765 -2472 -4117 4029 -3063 -1141 -1034 1655 2710 -1115 -2827 3229 2987 465 -3945 -4492 290 3390 3500 2757 -4951 2109 3876 -3150 -1419 4893 1463 -116 -4001 2885 1035 4464 -2587 1576 -2298 -4978 -3470 -3664 2185 -2453 -4702 995 -3750 4826 -4969 -396 -1944 -2131 -1522 2655 -2716 3154 -894 -2949 4737 4812 -480 508
Test 20 failed due to excessive moves (1865 > 700): push_swap 687 -2696 -4479 -1345 -3827 -3072 -1832 130 -950 2538 1015 4404 -1647 2216 -686 -3553 -2813 658 1586 -252 564 4894 620 -2472 -793 3422 -4735 -4693 -4957 -2798 -3240 -4465 2059 1980 -4838 1007 -2192 -2148 -2837 1066 4297 2772 -3704 1353 3938 -1037 -4547 870 -2865 2878 1243 -4275 -3836 -4443 1771 3105 4495 2370 -3405 -1536 2033 4843 -510 2729 762 252 -2909 2003 1173 3129 2027 2145 -2649 -3353 -2491 -1347 -1138 4960 -922 -2506 -3711 774 4972 2006 2914 -1464 -3287 814 -3297 4232 2169 -4781 2304 -3518 -1292 -1617 441 3860 -417 397
Test 21 failed due to excessive moves (1738 > 700): push_swap -4395 -443 -2893 -2403 -144 -3163 -2159 -4418 -412 -1171 793 -3469 -4568 3436 -800 3569 3936 -321 2133 -3060 2566 1872 -4996 4572 -4629 -4774 -3557 -3516 -490 1713 4534 -361 -3496 2152 3417 1344 988 3614 -3318 -2366 4764 -2898 -3698 -2226 1011 3012 -4924 -2311 1722 1045 59 3122 2375 4863 -1449 3079 3294 -2416 4050 2529 4984 1783 3482 -619 -383 -419 1579 -3296 -2278 -3371 -3442 -716 2932 2843 3505 -2931 -903 4012 923 2867 2325 210 -4612 4171 4453 -2525 -83 -851 1472 1643 -676 653 -2308 -4296 -3916 -3187 3410 -3186 -483 -2707
Test 22 failed due to excessive moves (1784 > 700): push_swap -3278 1092 -237 1883 -2979 -2482 -4730 1054 -4252 -3206 -3416 -3404 -4035 -1870 2063 969 -264 2595 4116 -2769 -4179 -2280 -4738 -1102 -4440 -4482 -2293 -3938 -4662 -1084 -3569 2671 -2491 -3829 -3928 -1332 3257 -2033 768 -2456 4792 2013 1106 406 -4142 -508 -4229 -633 -2060 4661 3843 -2505 -883 -4668 1580 -2238 -4965 869 3463 -4671 -612 1323 -1107 498 3099 -4850 2897 4579 -1093 3789 -2546 3352 -3729 1935 -73 -3377 -4361 2545 -3877 303 4619 4935 1430 -4992 4185 2444 3741 -4751 -2209 235 -1193 -977 2853 271 -368 1530 1125 -2702 -3170 1427
Test 23 failed due to excessive moves (1713 > 700): push_swap 4830 2135 4068 4584 -583 -4554 -2108 -4970 3636 1721 1998 -2374 -138 -3553 1785 -3004 3599 641 -3021 -4909 2542 2056 -2811 1462 -1424 4981 -71 874 4910 -421 1304 -4975 -4646 -568 4438 2053 -1568 -4197 -2771 -846 -4531 -3750 3430 -3052 -4125 -3709 -4202 -2075 4477 -2139 -1061 4116 -1646 -3051 913 -3446 -334 -2884 -2092 1031 2100 -2582 -4362 1194 2119 -2439 -2381 1464 2977 -3679 -347 -2431 713 125 -1937 -2405 4443 -572 -2037 1096 -3320 -3628 -2719 1182 4816 -2830 -4463 1619 2254 2776 -1743 3885 -991 4831 1724 2954 -4108 3594 -1907 4593
Test 24 failed due to excessive moves (1649 > 700): push_swap 3811 4784 -2143 -2954 -4921 4205 -3514 -2858 4353 -3577 2639 -370 -2559 2422 -3284 -3263 2337 -3615 -3902 2126 -4034 -4293 -3192 -2209 2727 4279 -911 -762 4768 3270 236 1595 3478 -924 884 -1492 -127 4327 2504 -4528 -4772 2553 -2271 -4373 3786 -223 -4093 261 3414 4836 -2461 -3396 -2452 -1763 3223 4823 -1813 2210 -955 -1563 1996 -1575 951 -3961 2125 1088 4062 -1875 -1629 -3722 -2995 -3305 3001 828 4764 3888 1068 -4453 -3500 2121 3283 -3770 -3239 -4127 -3856 -1645 -522 -526 13 2419 3376 -3697 -4597 4651 3921 -4342 -2003 3061 -2504 96
Test 25 failed due to excessive moves (1827 > 700): push_swap -4777 -1786 -2259 4441 2418 -3837 -4590 -3521 3236 -1402 1840 2646 -4229 3319 -93 -4007 -4990 -2443 -3105 793 252 -4104 -1431 4998 4424 -4189 2217 -4881 -3182 3716 -3704 2049 -2588 -3516 3558 -4691 2275 2146 -2576 713 3524 -4191 3384 -1152 3795 -2470 -2603 3495 -3359 -665 3990 -4708 1525 -4171 -1581 3136 -110 -4824 4227 -1571 1366 -2651 3473 -1210 -4039 -2514 -4204 3137 1963 -2270 -4145 320 1009 -3344 -4561 -4498 -75 778 -2631 -3499 113 4603 -4674 -1124 4585 -3352 2709 -3744 -4251 -2182 -1536 1696 1166 1879 4712 1027 4304 -3645 975 -2768
Test 26 failed due to excessive moves (1771 > 700): push_swap -4004 -2249 2376 -4606 1407 -3502 -3767 -1785 -4818 -4205 -3656 -3909 423 -1238 -259 1009 -3538 -1329 631 2737 1018 4105 3901 3833 4585 1772 2631 4914 -3825 -2671 4900 -2809 4590 4328 -4491 4250 -4431 2086 1554 883 -4356 1994 2561 4417 1547 -4550 2142 -4850 841 710 -4653 3204 1721 -4458 2705 2530 -338 -1205 528 4412 4753 -2627 -4984 1416 3242 2827 1088 -3018 -3833 -2348 -4065 -1562 930 -4810 -1865 -1790 -2596 -3334 4092 -3858 4528 -1255 -4906 3173 -543 -4808 -2981 -2583 4510 3249 -1666 -4026 -3145 -772 -4254 4705 3237 -2239 4639 -4620
Test 27 failed due to excessive moves (1668 > 700): push_swap -4195 4074 -1386 3363 4248 -4438 3857 -2267 4796 23 889 -4919 4889 -1163 -1740 -4293 -4750 -1459 -1955 4128 774 -2874 -4957 -3975 3939 4608 -2087 3970 -2247 1194 -623 -734 1805 -896 -3563 208 366 -2736 2758 -1833 3769 -3818 -3706 1073 -4289 3030 -2775 -2466 2759 -4433 -1937 -2620 -988 174 -3185 2005 -3340 -2472 -4529 -2930 184 -3111 -4459 -2579 2655 -3628 4321 3344 511 -1852 1512 748 -4831 4958 2555 2364 2108 4706 356 384 -3690 3491 -1363 -1416 1348 -643 -1345 1753 4296 994 -2805 1960 3384 -1085 -230 4140 -2793 -4377 2594 2413
Test 28 failed due to excessive moves (1774 > 700): push_swap -2635 19 -508 -1849 -518 -3031 3591 1897 2877 -2716 1205 1072 -3932 1639 -20 -3861 -1699 495 1433 -3737 2885 3318 -347 -2991 -793 -2262 -2270 -3028 2657 1984 -3847 2099 -2235 -2069 -2744 2384 1117 -3324 -889 4178 -4054 -4272 4078 -2529 4514 -2563 -1394 -758 4759 2539 4958 -3587 -3352 4742 -2441 -2789 -3675 4305 2102 -2439 -2242 1317 -3179 -2378 1562 3871 -1112 151 1060 175 -921 3143 3863 893 -4085 2663 2669 -4156 -1191 -4940 1525 3739 -254 1500 816 3336 3198 -2006 -2363 -2387 3393 1565 2711 -4231 340 4242 488 -2113 -4708 3360
Test 29 failed due to excessive moves (1630 > 700): push_swap 4019 1525 2875 2852 -2440 1490 -3849 -3514 1391 1077 -2430 3734 -2553 -422 947 55 4991 3703 948 1909 -3847 -4786 -3262 -1989 -75 -455 -4643 116 15 -1413 -3691 4708 -3799 4360 -4752 3749 -1352 4219 -4598 -3383 -2700 -3924 2442 -2541 -3750 -1031 -1926 -4308 -4268 -3912 1119 -4415 4959 -213 -3357 -302 2993 1038 4910 2845 198 361 -1327 4470 4192 4505 -4828 -1400 828 4314 4640 -989 3847 1090 -4595 4029 3445 1483 -3832 4945 -3926 4084 2076 2085 3177 -3196 3420 928 -1813 563 2584 3560 -1381 -1806 4925 -2563 -535 -358 -4988 -3189
Test 30 failed due to excessive moves (1727 > 700): push_swap -4923 -4513 -2088 -119 1322 -3112 4613 -1410 -6 -4961 2749 -3874 1460 -3188 -2439 -296 4826 4301 2793 774 -3891 4963 -4926 -726 2575 -4347 1902 -4968 1533 -1601 2380 2023 -1805 1186 -4592 -4985 -352 2791 -694 4225 2180 -730 1333 -2263 1654 -2653 304 430 -1582 2053 -2118 3070 -1211 66 -4028 631 3691 -3126 -3195 980 -1259 197 -1809 -1038 496 -2884 -2288 -4030 1316 1718 -3010 4321 -4579 1497 2919 -2279 -471 -1498 730 -2588 2585 1033 120 1930 525 -4922 -1366 1530 1675 4482 4144 1985 -2881 3325 -4590 3930 4764 -2841 -4052 1447
Test 31 failed due to excessive moves (1913 > 700): push_swap 4131 3342 -1830 -4955 2610 -4515 -3834 71 2468 -2568 4784 -3788 -2588 2981 1379 -4632 1706 838 1801 -2535 4689 -2423 -2533 -3093 3097 3660 3751 -3375 -1024 4441 383 -1079 390 -1789 -2708 -2453 4041 2459 2691 -48 -1673 4196 -3729 -4203 -3032 3761 3824 4412 1578 3397 -1156 -4173 1127 -3210 -3930 -4951 -927 -4148 -4875 -2024 1988 4391 -2618 3187 -4302 1089 4261 -66 386 4736 3354 -1017 -2335 4190 3773 -71 -1899 -4466 -1339 -244 -2579 -3875 529 1018 3459 77 -1090 2048 -4517 -2526 -1525 -4272 -3393 -1621 -3401 516 -3178 -1697 4354 -4106
Test 32 failed due to excessive moves (1687 > 700): push_swap -3296 -731 -2230 -4130 -3883 460 2736 1436 -719 -4635 -875 3883 3061 -3268 -4057 -3893 -3309 -3160 -2265 1714 4127 3316 1616 -1698 801 3257 4900 3554 -3581 -4258 4462 -2469 -338 68 2576 534 4836 -4813 -1182 -2442 -1950 -1717 -3784 -3034 -3986 3968 3568 -547 1390 409 -345 -1650 -2908 1665 1944 3327 -4386 -1970 1330 -3955 -3489 -1356 -2513 -3693 591 -3589 -761 3269 -2828 1132 2226 -4904 4854 -1889 836 -1673 923 2567 -3807 3428 4403 1570 3710 -2927 943 1777 -4829 2139 2570 -2426 3601 1795 -4101 2107 397 -1620 3894 -1634 2087 235
Test 33 failed due to excessive moves (1712 > 700): push_swap -2560 4373 595 -4549 -3093 -2923 -2640 -3894 1006 -163 381 144 -1518 37 2158 4993 -3009 -1126 2967 789 -992 4753 1084 -4160 4248 3801 1411 2946 -2519 -4143 4690 -1500 -1464 510 -2643 -1772 -4581 -3933 2012 4235 -34 -4723 2756 -3245 -4740 810 -3873 -410 1771 -2210 18 4971 -339 -2250 -855 -2654 -3710 -4894 -347 4520 3902 2368 -2698 -635 -1262 2661 -1075 -4011 1246 -2851 3364 4228 -604 -3455 -2379 -3153 2080 2337 -3490 -2961 3612 793 1507 -2279 -2836 4758 85 3995 2940 -4759 -4878 4058 -4783 -2338 2376 -439 4613 3063 3111 -2894
Test 34 failed due to excessive moves (1823 > 700): push_swap 4365 1282 -4893 1978 744 4883 625 4143 -2 -1165 -4680 -3401 -2583 4304 1875 -1192 -1902 635 -1341 2084 3437 -3785 -4025 -4486 -3459 542 4185 -104 -1933 1370 -3951 2671 3760 -3773 3373 3134 -1938 4980 -4935 -699 2973 -4263 -283 -4286 -3715 3198 -2725 -4821 -861 1434 3530 -2814 -2051 4149 4163 3382 25 -3481 -2348 -3239 602 4428 299 -3513 -3369 -3109 628 -4100 2260 -1005 -2681 -2038 2781 3094 207 -4517 -2929 -2326 -860 -3286 -2012 -150 2607 -878 1961 -505 -4945 -847 -2580 684 3107 3898 -1767 4546 -3921 -2923 4154 4269 -2992 -671
Test 35 failed due to excessive moves (1791 > 700): push_swap -4970 1107 -2059 -2618 4770 -4835 -3793 -3684 -4471 -47 -2236 2174 4939 3374 -1747 789 -591 4349 4047 -2507 -2573 -2407 3737 -3138 -3594 3406 -3957 -3033 872 826 -361 -4554 -2816 1275 -1987 1442 -1385 2882 -4451 -798 4984 -1847 -347 -4433 -1578 156 1421 4778 -39 1851 272 4069 -1533 -3788 1990 -1540 -963 1038 -4854 4703 -1816 -1219 3970 -4476 -2453 4358 2161 2652 -4698 3992 -3243 994 3327 2825 -3246 1597 1494 3384 3669 -3515 4422 -472 3679 -2250 554 298 1307 1944 -3473 -3290 1005 4785 -4369 2614 -1318 1026 335 -1529 -2846 -4962
Test 36 failed due to excessive moves (1741 > 700): push_swap -3377 3278 -1700 -15 940 3058 -3899 3534 -2391 4986 -3423 -257 3942 -4715 -3342 -3062 -3187 2248 3088 -2521 1796 69 -3454 1628 -1878 -1600 3458 3203 3554 2575 399 -604 -2703 -1625 4970 -547 -1438 -2910 -539 -3931 1319 -583 -2385 -3678 -4507 2392 -1757 2754 4406 3407 -1048 290 1713 -3274 3298 4774 2086 2507 4065 -4490 -2477 -2536 -1371 329 4758 512 -540 1813 -4442 -3734 3035 -553 4522 1927 4055 -3203 -3835 -4614 4164 -3217 -2296 -1149 -3462 4570 4681 4395 -3964 4465 3253 -1270 2454 -253 4793 -2429 -1514 2890 -228 3713 4168 4472
Test 37 failed due to excessive moves (1817 > 700): push_swap -4271 852 4904 3241 -4130 1466 -2857 1106 -496 -31 2430 216 2367 2696 -3048 -1916 423 -839 749 -4196 -898 -4306 -3187 1080 -415 -3821 2496 -3761 3829 -3086 931 -4012 -651 -4143 -2602 -2212 -4939 -4240 -2480 4344 -4661 -3219 210 -4365 3609 -1331 2450 -3667 -321 -1981 4161 2973 3445 4514 -4173 -4141 1299 -1126 -843 1765 -1039 3428 2054 3035 -4893 4399 1461 -2129 2129 4577 1665 3107 -2896 3310 -4899 -4572 -1520 1521 189 -3661 1873 2301 2392 -101 -1718 -1418 -2740 -1443 -1775 -3337 -2789 3343 364 527 -1345 -3553 -3819 295 2320 2733
Test 38 failed due to excessive moves (1755 > 700): push_swap -1283 4127 4959 2169 -2933 -2326 3110 2045 -70 -2364 3610 -1135 199 -3172 -2492 -3387 -519 -1579 1694 2133 3473 3241 -1471 2525 844 -3196 -2901 230 1547 -4346 4800 3130 1135 3820 2837 2252 281 1457 -4510 3935 -2946 -3786 -2272 -4947 4362 -1269 1726 1039 2714 -4066 443 -2639 -3878 519 -4937 -3440 2722 -4042 2795 -3351 2641 -3448 -4574 -3210 -1340 513 -241 -515 63 4900 -4683 -3947 282 846 -4314 -276 4524 3054 92 -1257 -112 918 -2276 -1161 4880 -3617 -786 -216 4974 -4878 504 -4711 -1801 4459 -2159 -3677 3055 -186 -920 4329
Test 39 failed due to excessive moves (1716 > 700): push_swap -3362 2336 432 1808 -2056 -976 796 -3168 2074 -4006 327 -1031 1243 -2237 2224 4345 1107 -2247 2494 1084 -2738 587 -2808 -2964 -2310 3703 4409 -1914 -1841 -2507 4730 2407 -4927 -1587 3934 -320 -2041 4302 -4291 -2214 2715 2893 -3326 -1036 -3255 -3040 3294 -2081 2976 2387 4984 -1471 1045 4462 4694 -3738 -4545 -4945 -1854 -2571 4716 -3853 -1999 -2550 -5 -2307 -3418 -2999 2291 276 4804 4411 -2990 -93 -3169 -1603 2631 -4708 -1857 1150 -3199 4961 -1420 -723 1142 -3271 -3167 2802 -1362 -1029 -2278 -4604 -1813 -4978 -1330 1680 -3669 -2743 -3165 3340
Test 40 failed due to excessive moves (1732 > 700): push_swap -2428 -4023 2196 -3203 3008 2973 -351 -143 -3520 -875 -2182 -4334 3917 -3488 783 -504 4653 4953 3489 -1694 4203 -816 -2584 4983 -4099 -2557 4025 369 -4598 4914 1283 4856 8 718 875 -4459 -581 1988 4120 3266 4031 -2915 -336 3508 -1804 -2669 3390 2173 -2884 -4010 -398 2215 1016 3034 -2775 -895 -1880 -2666 -2570 -4072 -3112 -1006 421 2007 2246 -4810 4188 -935 4952 -4453 -111 -1696 2570 -3732 3726 920 -3823 -3321 -4479 2297 1584 -4815 -4057 -3264 -412 3620 4567 -4160 3201 -3216 3067 3564 4030 -4547 3210 -3065 3555 -4247 -2702 1433
Test 41 failed due to excessive moves (1850 > 700): push_swap -3298 -1089 -997 3299 3547 -1634 -2008 -1201 -1200 -3187 -3456 345 4901 -1057 -1944 3591 4915 -1940 -4590 3275 -4407 -4513 -3960 -2570 -2137 -104 -1692 53 -3838 -4380 -2318 4773 82 974 4556 -1555 -2602 -4417 210 473 -4774 -3620 -3208 -3080 2503 -4916 4398 1066 -3530 3483 3363 1414 1863 3628 -2002 2436 4340 4884 4263 4564 508 -4695 -3270 803 -4829 -947 -4465 -591 -4107 -3130 -3232 977 516 4689 -4677 -4238 552 1910 -3375 -1804 2862 -2868 1828 2254 4786 -2716 697 -2200 -3640 -4035 -837 -2891 -624 946 3307 2869 -587 -3399 4610 1918
Test 42 failed due to excessive moves (1888 > 700): push_swap 3854 4586 4344 -4341 4179 -3250 -519 4648 1762 4644 -3107 -3104 3749 1399 2719 -3249 -4139 1756 -3587 -2413 4470 -4417 -3844 2057 -2905 584 -2107 -2406 -2772 446 -1334 -1757 3004 4299 -4490 -1292 -3073 -4168 -4403 -3033 487 2163 -691 3364 -4212 -3193 -3506 -118 4010 -3658 4527 3551 -1549 -3076 -2257 1503 4846 2622 434 2063 4534 -1293 -3017 1991 2373 -465 -1158 467 701 -351 -1969 -1820 2578 1372 2248 -1946 387 4633 3431 -4784 -662 -2302 -3772 3789 4944 904 -2475 -2342 -1756 2886 1887 4918 -4007 -298 2673 921 -1717 -1465 -3451 2353
Test 43 failed due to excessive moves (1851 > 700): push_swap -808 2028 -595 -1198 3772 -3470 -2561 -1590 3121 2315 459 -3814 -1858 665 -4210 -4985 3366 3250 1956 -3535 3736 1700 -4373 -375 2902 2583 1356 705 293 -3214 -4861 4762 2350 -4695 160 -4118 1940 973 4193 628 -1933 247 -1146 2999 -3314 -1748 -1902 -4490 -4431 3409 1720 -2771 -2654 1060 -1127 4662 -3086 -2450 -2474 -4886 610 -3737 -1731 -4587 -3651 -184 -2329 4040 -2681 -3131 1069 -4586 -3325 -148 4775 3790 -3209 3764 -4239 -110 499 4426 2227 2145 -3654 -1517 2146 -4786 220 -4079 4375 -4513 -573 -52 -1117 -3180 -4297 3760 3811 -4808
Test 44 failed due to excessive moves (1831 > 700): push_swap -3761 -2167 -3343 1353 3974 67 -2781 458 530 262 4479 -2965 -128 1345 -1114 -1750 -707 -3317 -4808 3118 4533 -4110 755 563 4997 2109 3421 -2991 258 3968 -4962 4059 4789 -2108 1933 -1154 -2390 -156 420 2006 -1561 -3815 4769 242 -3247 -454 3432 -4838 4473 -4738 1108 1838 2745 469 4071 4012 3200 1715 -2071 1968 -3287 -1329 -953 -2538 -3378 -4974 -2393 912 -4365 4826 1464 -382 1217 -3072 -2763 -1314 -3057 -421 2022 152 -4320 -2275 1976 1274 4179 4798 4818 -1408 -4374 1978 4196 3473 -3469 1906 -402 -2741 -2299 3394 -2747 4042
Test 45 failed due to excessive moves (1717 > 700): push_swap -4010 -2992 -3178 3536 -3493 -2929 2606 709 759 4701 -4835 4934 -3981 -3113 -2764 3885 985 -1224 4811 -3680 1390 -457 3532 3110 -5000 -3262 407 675 3759 -1210 2730 -1511 -4905 -1203 -4402 -35 -669 2339 -860 3634 -3014 -4758 -4129 -4997 -3121 1218 4643 -4766 -758 -3936 -3428 -3718 1281 -3261 3921 -1961 -4615 455 2000 1191 26 2889 3916 4215 4114 3865 -2306 -3523 -2020 3443 -4141 -3038 -2581 1156 4344 -2079 4145 1046 1402 -3597 1669 387 3998 1598 -3206 -571 -272 -3064 4266 3463 -985 -3148 3275 638 1194 -381 1908 -1218 406 -4117
Test 46 failed due to excessive moves (1738 > 700): push_swap -3570 -328 570 -2671 -289 -1032 -3837 -4135 3182 2082 808 -2109 1017 -2368 3654 -3348 4116 57 3843 -3811 -3428 -1785 -3684 -406 -4004 2052 -2678 1527 4061 2834 2101 4054 -335 -2519 2592 -2745 1698 -899 916 823 -1185 2365 -3763 2962 2574 1768 4945 -2603 -2343 -3617 -2736 -4516 -352 -2093 -1394 -2941 502 -2171 -311 -2285 -4782 -3762 -4446 -3258 -1217 995 3098 -4634 -2568 1245 2087 -460 128 -672 -3976 883 -4719 1358 3090 3663 -734 -1656 -111 -3194 407 -782 -4413 -70 1704 -2331 437 -2315 -3096 2016 -3275 -1352 -3856 -3101 -1234 -1074
Test 47 failed due to excessive moves (1759 > 700): push_swap -3121 -1586 -1899 -3318 885 -4691 -677 -570 -2751 3808 1412 1348 -3787 -1868 -2169 -3540 -2835 -4818 -3872 -879 -3701 474 2858 -216 880 1455 -3819 2139 -1292 3299 381 4307 1398 -4614 -124 2808 -2863 -3921 -4600 1919 -3258 2263 -3813 -3111 -1342 4739 2992 -2290 -4481 -3021 -4229 -3076 3635 582 196 464 2927 -1191 2782 -3513 1427 4189 -1468 -4693 -150 -2581 -3715 -3013 -2138 3656 -2288 -3476 641 3504 -1211 3249 -3464 -1989 -1220 1366 -977 -3576 -3032 1808 -4731 2361 -4228 -3409 -4215 -3530 1143 -4092 -2253 1132 4085 2424 -802 176 -1500 4070
Test 48 failed due to excessive moves (1848 > 700): push_swap -1648 1794 912 -2494 -2108 -193 -4656 -2406 -607 -3644 2962 -3034 -2376 -1341 4796 -2960 -624 -2552 -2349 904 3416 -3509 -2849 1319 -2262 -563 -361 -1622 4309 4954 317 -1902 1231 998 4289 3465 -743 4634 -3292 -2875 -3978 -3545 -3528 -1032 -4405 -4951 654 2929 559 3463 -1349 3944 -4167 722 -4687 3295 -1685 2855 -2469 -3340 -3404 220 -3161 1593 1181 -243 331 -3266 -409 4834 1752 717 -4635 -236 3759 -4917 -3988 1988 2740 -4004 1935 -2778 -3989 -4153 288 -2353 2601 -3049 -2507 -4450 983 -4057 -533 -1574 3157 4694 -949 1217 -2245 80
Test 49 failed due to excessive moves (1862 > 700): push_swap -1745 1470 -1478 -1758 -205 -838 4339 -1453 -2877 1069 2352 830 -1972 -2018 322 -1903 -3968 -990 1247 -2269 -221 -2440 1461 3472 -4657 3132 -1409 -3924 -633 -3572 -4926 -4967 2470 3344 -233 1043 1377 994 -2569 -4710 4907 697 -4556 -310 1167 3636 -4782 -431 -4714 -329 1531 -33 4973 2042 3255 69 -4870 2784 4243 158 -1152 -4829 -3892 4308 -809 -893 -4319 1137 3753 21 -2336 -3633 -3509 3904 -2528 3558 3560 3899 -1524 -3149 2987 -816 -3291 4497 -3565 -4095 2907 -4422 -1253 129 -573 -4413 -3128 1433 -371 1561 -2795 -3101 -439 -1530
Test 50 failed due to excessive moves (1693 > 700): push_swap -3779 -4253 -4046 4491 4978 -1985 -3483 -4208 1652 3076 -2879 -4969 1552 3977 -3409 4128 1184 2071 2282 424 -2534 -4366 -4594 1000 1940 336 -4210 3249 -1734 -2489 -969 -1853 3058 -3947 924 3816 136 3906 -4585 1583 -336 -2967 3321 175 -1772 -1973 -1954 3735 -4305 -228 -3913 -4180 -3611 -1854 4349 -119 -2657 -850 2012 4675 -3766 3087 1667 2391 -1073 -4662 3922 3546 549 4219 -2514 -3939 -581 1593 271 -3436 -468 -695 -497 2096 1548 1544 1347 -39 967 1615 4848 -2591 3458 2883 4606 -1710 -4757 -2012 4721 -4869 -473 446 -613 -2459
Test 51 failed due to excessive moves (1795 > 700): push_swap -4689 2374 -2921 -4860 974 77 -3549 -1340 1508 -1018 -4226 -2773 1722 -1760 -257 -4060 -3445 -704 -3364 2207 2766 -2728 1009 377 4123 -960 2037 -1392 -2129 3448 -1922 3433 -542 2454 -198 1815 161 -743 4348 -2894 790 884 2286 -553 -2423 -1409 -159 -4733 4261 -119 -2739 -954 -2035 -3857 -751 2051 1130 1666 4377 -3073 -2817 -2881 2059 705 4004 3460 3887 -1027 3087 3031 3337 -1045 -2058 928 402 1740 4655 -3128 1828 -3927 -2602 2880 -522 -131 -4115 -163 2876 2398 -1736 -4409 -1861 -551 -3997 4250 -689 4564 548 4478 4894 3838
Test 52 failed due to excessive moves (1729 > 700): push_swap 4791 1457 1540 -3740 -3625 -2415 -4123 -1393 -3767 3498 266 -3530 983 4485 2259 241 154 -654 -3540 238 -4051 -1028 2563 -3347 -999 -1221 -628 3728 1529 -3568 -4455 -4520 3148 -2697 -55 -4781 3788 2689 -498 -1566 -50 -1052 -4878 2505 1431 3749 3536 -1710 2198 -2111 -3202 -4954 145 -4108 -897 -2468 708 4639 2955 -3389 -4796 978 3083 3925 2723 2165 3112 3887 -1628 -2483 2315 -1306 -3654 -4754 -4424 3263 2606 -2844 -4503 4787 4047 -4449 623 -3265 4441 1143 -1423 -1354 2847 1897 837 -4510 3936 3626 -1295 -4815 -1839 -3012 3750 -4258
Test 53 failed due to excessive moves (1848 > 700): push_swap -2514 -1963 4200 -1730 -3184 -4690 -377 -3826 3288 3008 411 -4567 -1380 162 -3417 -4673 3940 -4533 3264 620 -3526 442 -2247 -3738 1494 3838 1646 -4110 -2711 -2660 4642 -3577 -3066 -78 -2216 1588 714 346 -1893 -3438 -4396 -364 3071 -4149 4817 -1303 2420 4143 -3375 3335 4258 3259 2762 -2733 -1627 -3449 -2092 1347 1101 -3674 -3766 792 -2279 -3679 3914 2872 -4964 -477 -3692 -3055 2370 -2797 3117 -1210 1831 3000 -3152 2424 -1988 3294 -1887 3234 -4804 -3378 2731 -329 -4234 -4091 -1645 -4862 -2800 1856 4255 -4646 4741 4622 -297 -309 -2550 1998
Test 54 failed due to excessive moves (1888 > 700): push_swap -2923 -374 -4425 394 329 1839 -4722 -2544 -2871 -4830 -2059 -3040 -4059 2097 -661 536 1680 -3557 -2117 4148 1116 -1847 3487 -3339 4646 -2619 1918 -4313 -4466 1565 4375 -2717 -3975 -907 580 -376 523 3657 -3528 4607 2608 -4719 -4751 -4179 -775 4835 884 -2447 4631 -2484 -15 3042 -2336 -2139 3760 -3470 2936 -4285 -4708 -3174 -1371 -2648 -2506 4940 -4214 -402 4416 -3381 1570 784 233 3716 3674 -253 3777 -2405 4930 2556 3664 4200 4788 4990 -2425 3894 -4311 1685 3436 3765 2102 1885 -2892 -4515 1135 -3790 -1269 -3573 1342 -1676 -4650 1374
Test 55 failed due to excessive moves (1859 > 700): push_swap 3554 -1121 -884 574 -3779 -386 4549 -3007 1623 817 3935 1769 -4812 827 -2491 -3055 2306 -3707 -1385 -2317 -4093 3748 3184 899 -3352 -4256 -3668 -1806 3351 -3168 -4152 846 4941 -1423 4786 -1964 2957 2826 -1091 689 392 -4414 -4776 409 544 -4718 4578 -602 4733 4461 -4025 -4055 -2314 2561 3169 -4151 -831 673 2620 -1323 1306 -502 620 3636 3947 -113 133 2253 1676 1407 -3903 -1476 -3588 4868 4177 4354 1419 -4018 4319 4018 1656 -4202 -987 -2518 542 -3573 -3472 4206 2261 893 -4198 -3714 -3117 2476 -347 -1687 -4509 4828 -1580 -2651
Test 56 failed due to excessive moves (1723 > 700): push_swap 2687 -2292 3445 -3982 1741 -328 -2231 3377 -3288 -1790 -3000 -4884 122 -4854 -1868 -4465 -3286 -4784 -161 -1569 -1036 2562 -2734 -4785 2035 -1761 2238 1363 2166 2436 1207 -1271 -4593 1190 -3655 -4589 2603 1603 -4337 2160 682 2461 50 -2621 504 -4904 3771 -1281 4311 2345 -3489 3486 -2006 -1130 -2962 -2059 3447 -2865 3843 -2359 2820 -227 -310 -807 -1106 -4427 1922 -4215 -3540 -4158 -3412 2963 4791 -2676 -3754 -2488 167 660 3030 4617 -1393 -4188 -3608 -2763 2799 713 3021 -2910 1276 1340 4394 3845 757 1983 -1109 2809 -4340 -1604 3317 -2377
Test 57 failed due to excessive moves (1944 > 700): push_swap -952 606 1077 3638 4298 2337 -3644 2264 -2396 632 4546 1914 3357 3996 -3920 184 -1190 -2165 12 2393 -1147 752 -3866 2466 2777 -870 1402 2365 -923 -1535 3289 -2097 -4785 4764 1262 1998 -2934 1716 4204 19 4919 -3018 -3832 -3466 -4920 4920 2094 -125 2487 -1492 4084 3603 -2521 -1365 2531 -1233 -3215 4975 -4212 1798 4611 3917 2790 3400 -1456 -4786 2616 -3140 -4712 -4969 1748 -2726 -4083 -3701 1815 955 958 1639 -772 -3491 3744 3767 1008 3155 -1422 -4460 4903 -3343 -4731 2651 -848 -1046 4774 3834 3815 -4272 -3319 -2983 -4348 -1869
Test 58 failed due to excessive moves (1699 > 700): push_swap 4714 2628 -2311 3766 2053 -2782 1166 -4278 -4432 -694 -3908 1734 -3583 -3619 400 4263 434 594 -3761 -4420 4329 -3278 -3684 -4274 1179 4865 1373 -2957 4566 -267 -4589 -4375 -2606 4667 -3036 -3447 -3967 -2656 -2721 811 3308 4482 4204 -1958 2071 2418 781 -2817 -721 2688 -3423 -1706 343 391 -502 3575 1186 -4554 -4978 4466 -1508 -2958 1601 2830 3173 -547 -1117 -2866 -891 -1235 276 3878 -2208 -645 1483 4315 -223 4182 4120 -3426 -3495 2533 2932 -3711 -4746 1606 -4784 -3813 1216 -4954 3881 -1645 -2074 -1656 -2265 147 3781 -2529 1637 3345
Test 59 failed due to excessive moves (1786 > 700): push_swap 2620 66 -4878 -936 -4439 513 1948 2537 3265 3275 -4415 -635 1724 160 -2039 -4017 4771 -3549 -4474 3605 -419 -2893 2654 -4821 -4597 1871 -2688 3958 1458 3552 1152 3017 -2204 -4564 2298 -292 2063 3072 1451 -1555 -230 -3597 4100 1899 -3331 -4608 2543 -1652 1972 -698 3993 -646 1387 4348 -3219 613 1570 1133 556 -2914 3340 -4997 -3449 -3600 -508 4342 4648 -3783 2159 1904 -3394 -3529 -2769 -1772 -2267 2301 -4175 4994 -2953 2164 3241 -1927 -2219 3581 4367 -3086 1009 -4473 4357 4142 -2636 -4858 1364 -2122 4562 2055 2728 -3856 -3099 1104
Test 60 failed due to excessive moves (1703 > 700): push_swap 2669 -936 -1833 -3772 -1220 -1256 3889 2736 4349 4480 -2138 4088 1116 2064 3474 -4286 -3604 1878 -2268 -4263 4280 1284 -4577 3011 1007 2483 4454 -4583 -2507 2389 -4938 2732 3751 493 -2919 -3180 -3630 -1694 1113 -762 3887 1427 -4197 -2148 -4354 1099 -2813 -2651 4864 -4632 3317 1084 4561 15 4080 576 -3001 1445 -1802 1457 3584 -1203 1153 2284 -3533 -1573 -2491 2504 448 -1581 2792 -1507 4906 -4322 2629 -3222 -4375 -3782 -362 962 613 1292 -3303 -2273 1830 -1019 -366 142 2858 878 693 -4290 -4672 -4148 3138 -464 -3477 1935 -1644 -1902
Test 61 failed due to excessive moves (1752 > 700): push_swap -4957 3333 3665 4489 470 -3262 2754 -2887 -3716 -3585 -1640 1320 -3423 168 2808 -2585 -3197 828 2325 -3214 -4438 -1948 -1113 2731 153 3366 -2976 -3735 -2183 2743 556 4788 2606 3051 -1069 -4461 -3966 -3953 -3361 -2026 -2696 4458 -4383 -1215 3492 -1815 -1952 2434 -1675 -4719 1700 4590 93 1405 -531 535 -1262 4768 -2506 -3822 -1823 3395 -1269 -1651 -2268 550 4570 4493 -325 1021 3022 4275 -3721 4055 -1960 980 -1491 -4742 -809 1451 4201 2959 -3014 1089 4623 -3441 -390 101 -4665 -1707 -4316 -4948 -4725 -2716 -2411 3567 2870 -294 1741 3852
Test 62 failed due to excessive moves (1919 > 700): push_swap -3893 4905 -1125 1730 1933 4121 -4807 1120 -3440 1177 1364 -3933 3456 -4564 -2417 -4202 -1221 -1980 2418 -4325 2978 494 -2429 -3685 -2052 -2177 -1886 3222 -96 -3144 -537 2628 -2235 -2571 -4591 803 1827 3785 -3087 -4450 -4569 -1554 294 -4186 676 -2411 -3097 3886 -4660 -3254 316 -2611 -3605 4679 -3752 4036 -3030 3794 3595 4194 4556 560 -3556 757 -4126 -2348 -4665 -3869 -2987 2751 -3832 160 -3587 3984 4131 -4430 2090 -3795 2324 821 -746 4577 -154 1737 -878 -991 -4500 -4114 -2284 3075 -3076 1424 -3559 -1273 -3690 -656 4722 3483 597 -3175
Test 63 failed due to excessive moves (1658 > 700): push_swap 4776 4583 -3928 1773 4717 3994 -3174 3331 -3690 -4384 -3583 -1023 -5000 -4616 -4323 4765 -3225 -4265 3826 -2709 -1157 325 904 3412 4444 4511 -2218 -1747 -4913 -880 235 1784 1422 -559 -3679 120 -3894 -671 -1100 1598 -2092 -2105 -4253 -3549 20 -1333 3893 -4906 3030 313 -1611 4948 2053 1924 -4375 3460 -4499 1714 -890 4807 -4284 4922 4911 -563 181 -1474 -326 271 3505 -4218 -3351 -104 -4420 -4460 4940 -2803 -4039 -2588 -55 -2579 1601 2131 3827 2673 -680 -2650 2478 4545 -1928 4905 -2132 -3114 -1675 -3619 -4282 -4622 2418 1781 -3199 590
Test 64 failed due to excessive moves (1759 > 700): push_swap -1235 -3120 3743 -3673 3549 -2302 -2115 4963 -4946 2348 4958 770 -567 -4109 -4907 -2129 1340 -3127 -3440 -2525 -554 -2705 -2056 2454 3709 -1292 -2029 -2046 4791 -3200 718 3486 -61 923 157 2067 -1593 -404 3693 -1995 -2686 -1955 -4960 642 4149 -4082 -360 -1498 -1881 4743 1071 2809 -1577 -2261 720 400 2314 -2901 -1970 4681 -2131 912 3879 3207 -3503 -502 -353 3188 -3570 2256 -3176 4348 -2891 -2034 4634 567 3373 808 3624 4094 -2723 -4726 -2530 3817 1022 1856 -2084 2101 -3979 2666 -3743 4219 3837 -3667 -4592 -2535 1261 2996 3853 -902
Test 65 failed due to excessive moves (1756 > 700): push_swap 4814 -2631 -2269 90 3657 1117 -2456 4106 1702 12 3339 4552 3867 -684 4463 -4613 -1814 3139 1790 -2529 2720 -2780 -4121 3992 -350 -2766 -4611 3845 -3915 2526 -2268 235 1308 3882 3418 456 -864 2235 1668 3564 -3761 -1849 2126 4912 2224 -41 -4835 343 2155 1780 3091 2927 -4915 -896 538 3561 2654 -2524 -1808 -4967 3742 1944 -4250 3641 -649 2255 -1325 1134 3184 -4730 2594 3526 4385 -2724 -2263 1734 -564 1779 4302 2786 -3971 4346 684 -308 2729 -4253 -3601 -767 1229 2359 -2352 731 -2981 -3127 -1706 4898 -707 -1262 2545 -2912
Test 66 failed due to excessive moves (1873 > 700): push_swap -1312 -852 1933 403 4702 3764 -2964 419 -3888 1627 -3192 1374 235 -3403 -4238 2350 1450 -3991 -3142 1089 452 -4473 858 -1642 -2051 -1259 1607 50 1943 -2684 -677 -2762 3352 -751 -3254 -756 3321 2647 4026 3966 496 -3785 -1670 547 2267 -4182 -445 2476 2413 3787 -4621 -2526 -2039 2864 -2546 -4993 -3031 -4307 239 -3651 -72 -4693 -4704 3296 3084 2894 -4281 -4643 -3710 -771 -3129 405 3396 1906 -1313 -2997 3590 -1503 -2329 -2785 -3239 -4637 3430 -961 1825 4355 2601 943 -2628 -1514 -3144 3840 -4236 2070 -521 -2493 1077 2012 2556 143
Test 67 failed due to excessive moves (2018 > 700): push_swap 4020 2073 4828 321 -4699 246 -3318 -2022 -424 -4235 2330 3595 -198 1560 -2102 -3881 2317 1521 -2756 -890 2234 -3195 203 -3535 -4186 -4481 3528 1205 -1793 -1025 4875 -3469 143 -1723 -2035 -2758 -4473 -65 2521 -3162 -2754 1678 1665 -3699 4274 -591 -2491 2652 4927 -3180 -3638 4714 4439 2878 3076 -2640 1932 -798 -1446 -1031 2797 -4437 -573 4403 4934 -3039 -2068 -4221 -1473 3275 1197 4117 1661 -3498 2648 1738 1067 -3961 -158 4562 -2182 -111 1890 -1302 -2846 4273 -3526 -1710 -2037 601 3285 -1164 -2424 -951 3063 1095 -3440 -2285 -3295 4018
Test 68 failed due to excessive moves (1705 > 700): push_swap 3526 3760 4036 -2167 -1032 2160 -4758 3640 2606 1910 3689 -3393 3999 3004 3011 -4818 -3438 -1507 -4772 4609 4203 -2026 3614 878 4269 -1024 -3159 -4416 -3290 2998 -2921 970 2997 -4947 -3259 -5 -4696 4018 4743 2367 4431 -1027 472 -4735 -3108 -4390 -4922 757 4110 4442 695 -2231 -2639 3502 -930 -3197 -1247 -3726 -3779 -4220 -328 -3084 3406 -1156 494 -645 2175 -4606 -3276 727 -2403 -1219 -1985 -2087 -4505 -188 549 -70 4546 -4208 1549 -3601 1580 -1982 115 -1890 -570 -67 3978 676 1772 -4114 2677 -2294 4717 -4855 2239 3474 2032 2798
Test 69 failed due to excessive moves (1707 > 700): push_swap 4683 -3373 -4940 -4063 771 -4167 -4936 2160 -343 2317 3949 1443 -4644 -956 1561 -2369 1325 3892 2985 2514 -2135 -4237 -2559 -3558 -672 3483 -2257 -2963 -4421 1804 29 4729 -3702 1085 2838 -2905 -3583 -3767 -1974 -179 295 -3805 4391 3295 -1624 2822 4317 3191 3101 443 2597 -2819 -2143 4948 262 1316 -764 -3020 -41 -4592 1619 2926 705 3876 1593 -2639 2671 -694 4322 -4624 1961 -3470 11 -4131 -2519 -4028 -3009 488 1488 3502 2401 -3835 -3246 -3230 1232 -4707 4898 2505 -529 4416 1644 -4636 -674 3961 -2398 2934 -2186 2198 601 1486
Test 70 failed due to excessive moves (1764 > 700): push_swap -3184 -2727 -4453 -3415 1232 -660 3395 264 -4878 -3449 606 4904 -1312 -3151 -4794 -3755 -1364 4267 3720 3160 2953 3060 -4964 4706 4771 240 -370 -3639 4833 4885 -4853 2715 -4169 -4807 -2334 1714 -2639 3964 3602 671 2475 -1657 -3711 545 -1773 3594 -3612 -2481 -3277 -3010 -3112 -4446 -1645 -2100 -3020 -2051 -1275 -2451 -745 -2883 -4963 4951 -3247 -3655 2042 1765 4329 -3165 -1272 -4793 -4105 3871 2384 -2234 1600 -4965 -1384 1439 -275 1665 -137 -1541 -4535 -1851 -546 -791 -320 -1149 -4850 -2162 1212 -4865 -3898 -264 4555 3192 -1289 2143 1834 1777
Test 71 failed due to excessive moves (1810 > 700): push_swap 2488 -3464 3548 1539 -3544 -1651 -2085 -2322 -1827 -956 332 204 -2112 4050 -2349 2320 697 -2662 -4114 -4907 3617 -3027 4770 -4629 -2592 3440 -3234 3549 -2928 2442 3944 -3772 -2815 2987 2757 -338 -3100 3024 -1227 -2082 -4815 811 -1991 -2400 -92 -3400 2664 -687 -4544 4694 3108 -426 3863 -4861 3823 3899 900 -2991 -4977 -4673 -16 412 -348 -3145 -484 -4346 -2606 -393 -272 -4659 818 791 -4939 -4547 -1740 -518 353 -716 3521 -4168 672 -4697 4114 2990 -4649 1902 -4955 -4895 4826 -3343 3678 -2611 -1088 2300 -3031 2227 4280 3183 806 -2352
Test 72 failed due to excessive moves (1794 > 700): push_swap -4277 -787 -2736 2577 -4731 -1213 -3167 -1305 4761 3788 1928 4514 4586 -3052 744 2425 -2542 2849 -3923 1550 241 1374 -4669 2269 -900 -136 4326 -2688 3500 4742 2181 -660 3685 -2433 1822 3508 -4185 -3921 -166 71 2449 -691 -2638 -4917 -3025 -1580 -1663 -1030 -1569 1851 -3364 -2587 1256 -4287 3303 3021 -1048 -1131 -3413 3878 -1932 -2617 -1032 1094 -3206 -4909 -195 3925 4621 -4662 -170 -3620 4569 553 -2890 -1046 -548 1607 -2921 3610 -4547 3691 -4105 -2050 -2758 -2855 -1881 3131 -2348 -130 3770 1095 1132 -2033 -3366 1754 -2115 4759 -94 -3810
Test 73 failed due to excessive moves (1809 > 700): push_swap 1716 -3449 -4930 104 -1332 4627 -4669 4294 -481 -3768 1264 -503 3688 3455 3867 -3757 -2808 -1651 -4655 -3388 -4371 4002 2835 2571 -1678 789 2946 4794 -708 876 -2840 3330 -2751 -2616 -2323 -4043 -2882 3463 764 -63 -1429 -2580 -1545 -3232 -1586 1611 3909 -3476 -1248 -4901 -3364 -3926 -3900 4558 -434 3154 3462 4569 1014 1572 2221 2573 3669 -1483 -3403 -4425 206 4732 -4903 -163 -1666 2517 -586 -601 896 2186 -2545 3506 1568 -3405 4849 866 4227 -2447 1861 3494 -2909 -1614 -4000 761 -4309 -623 2741 -98 -1162 4898 516 2133 -3212 2399
Test 74 failed due to excessive moves (1727 > 700): push_swap -3792 1856 1905 -310 -289 3004 -2259 125 1983 303 -4265 3012 -4733 1716 -1073 966 1700 -1230 1686 4046 3080 4571 377 2457 -4414 3521 -644 -3784 290 -2165 4095 -3735 2861 -3470 -4487 1764 -3090 4393 -2078 -710 3599 -3801 -4290 223 -4154 -3423 4416 -403 825 -4786 -485 -1092 2142 1033 -4827 3205 -4740 1412 2057 1891 -2910 3469 1184 464 -1038 -2667 -596 -3111 -3418 438 -4597 -4053 3309 4054 289 1371 -4515 452 -4483 1245 -4618 827 2004 -576 -223 2036 4934 -3602 2525 2816 -778 772 2649 -4397 -2515 -3550 -3856 4406 -1782 -2422
Test 75 failed due to excessive moves (1710 > 700): push_swap -677 -3613 -441 -2650 -3067 -3356 -4999 2290 -2824 2108 -3909 -3911 2249 -4716 924 2007 -4671 -807 2397 -4302 708 -4338 -4627 -2819 -176 -1285 -4354 561 4466 -669 -3412 4209 85 -858 -3615 -1478 -3385 -3513 -4611 -3682 -4508 -4547 3609 766 2442 1455 1128 -1770 2146 3947 3806 -1259 -1082 1384 -3298 1338 -4585 2118 -4771 -3197 4328 2392 3638 -4152 -3491 -540 1823 -44 3055 -4174 532 4297 3022 384 1458 -3625 2817 -1099 4569 -3343 -2982 -375 -3628 -4157 1635 1214 -1665 2975 -2412 -3688 2764 2356 3576 -3940 -3398 2561 4457 -4937 -4875 -945
Test 76 failed due to excessive moves (1822 > 700): push_swap 466 -4042 -2975 4413 -4397 -2702 1598 1974 -3442 -2577 3096 -3281 -602 -2569 -3319 1848 570 -1556 -4515 -1167 -2116 -1754 4524 -766 -746 -2654 -2891 3045 -3832 -748 -1152 -964 4968 2068 -1396 2156 284 -1074 -2322 -3601 2336 2808 605 -2537 -277 1554 -844 3681 1859 -4297 1074 -2397 -3986 153 -4883 -2641 2470 -2692 -2165 1733 -129 -4954 -257 2750 -3689 -1291 2650 -4208 -3189 -1377 4731 4513 -1547 778 3857 248 158 -4222 4168 -823 2005 2636 4596 3561 -4985 -4660 -3482 -4257 -2698 -3812 2671 -482 -3378 568 -3506 -651 -4824 -3080 -1992 -4255
Test 77 failed due to excessive moves (1776 > 700): push_swap 4328 3165 -1626 3876 3881 4474 3595 -473 -3456 -3246 4595 -4654 -3549 -3734 1170 -2613 -3372 1964 4195 2067 -4755 963 -773 1223 -4953 2558 -4174 -350 3711 3283 1490 2234 -2732 -3190 -3589 -293 -4788 2043 -3101 -3698 3329 1390 355 -4976 4873 3929 3973 -4008 2782 -2700 -695 2319 -1351 -1590 409 -470 -3862 -4783 240 4803 1880 -2459 -3728 -936 4052 1338 1298 -3340 -2265 -2819 3422 434 1857 -2555 3001 217 -2231 2545 -371 -3517 -3586 -3229 -4455 -4594 -2104 155 -579 4167 -4802 -486 -1891 3056 -616 1900 -1489 -4884 1907 948 2343 -3352
Test 78 failed due to excessive moves (1716 > 700): push_swap 3154 -3009 401 -3346 -3719 4177 906 2692 -105 1028 1858 -4172 3460 860 689 4308 650 -4009 -3446 3360 2401 -4938 1402 -4861 -1857 -4777 471 -2673 4221 -3942 -357 3912 -2734 -387 -1109 4205 -4158 -4277 4122 4111 1765 -4494 -3248 -229 4265 -4682 1848 -2301 -2373 678 -3994 4412 -3493 -1908 -33 -2257 830 -2343 1537 -2067 -776 -3807 -4014 -1533 886 -2919 -2271 -3509 -1835 1612 -3765 -4140 66 4309 -2577 3805 3681 2887 -4562 -3952 4247 -1851 1838 1868 -2243 -4649 1399 4675 2339 -3400 3102 4711 1496 -3778 -1859 287 -943 -2422 4206 -717
Test 79 failed due to excessive moves (1848 > 700): push_swap -889 -998 -553 -4802 2356 -2701 -236 272 3847 1465 1196 781 -2416 1974 -1853 2215 721 -3132 48 2228 4478 -4947 4382 3998 4894 1322 3816 -3985 -2141 -3823 4754 -704 -3113 -2661 -373 316 -2921 -3732 -4820 1603 -1620 -4681 -4871 -2628 4369 1976 -1043 -255 1670 797 -2791 1205 738 1158 2369 -2840 3821 -968 1414 2855 2473 109 2954 -1462 -3544 -4301 -4556 -3299 -148 -3455 4923 -2018 2894 3830 -4152 -3927 712 -273 2610 2893 -514 -4179 -1377 -3730 -3786 -3039 -3077 238 -529 -4891 -3154 2072 -1536 -321 1240 -948 4332 3705 2771 3051
Test 80 failed due to excessive moves (1697 > 700): push_swap -1839 -3716 -4907 -4459 -3306 1148 662 -422 2623 -862 1771 741 -2952 -1727 3161 -4138 -1221 -3153 -3044 2828 4946 -3645 -3728 3072 -1190 4664 -4763 2703 -2070 -3233 -4811 130 -292 -4982 3726 2085 3691 3956 -3815 -4066 4076 2695 289 3301 4977 -3128 -4049 692 3711 3756 -3120 -4539 4131 3932 2372 -1513 4283 1617 -4748 2687 -1998 -2625 1239 -2851 -2524 -1146 -2021 2536 -1990 138 3318 -2169 -184 -1543 -2029 1460 -913 -2798 -4908 -4421 1368 -1606 663 4810 -226 -3375 -3852 -4920 -4787 -1463 -2650 2033 -4885 1241 -3167 4651 -2360 2344 3588 -669
Test 81 failed due to excessive moves (1764 > 700): push_swap -4399 1330 4508 -4835 1702 1920 -2947 -1027 -3651 1074 -932 -2598 -3522 4884 3201 2416 4621 -1200 -2825 -1280 -2656 4370 -1 3188 1096 141 -1262 -487 -4120 -300 -1266 -1362 3084 4788 1387 -3215 3305 -4017 4580 4608 -1018 532 1425 4962 3608 -2023 3724 -2307 -2533 -3936 -2930 -4302 1829 -2477 -1741 270 -4775 71 -4779 -2942 1203 4384 3984 -2363 -2435 3549 -4615 -3344 -2552 -2439 -1278 -1842 1217 -1325 4869 1056 -2918 -1109 1379 -3376 1228 -4465 -4352 -893 -3404 -943 -683 -1422 1553 -4556 -3924 -2286 -3095 -4602 81 -4384 -2858 -3372 3119 -2793
Test 82 failed due to excessive moves (1791 > 700): push_swap -346 436 2891 4985 138 -1500 -1227 1857 4417 -2320 3031 -2682 3604 4957 -2485 1616 -1143 -3302 -1786 -2180 4039 4462 -2108 -2613 1464 -2348 1909 1055 -2309 2050 2139 3403 3973 -2843 -604 -1607 -3381 454 2358 -4170 2201 -1542 -2186 -4372 2306 3630 2668 -1492 -3070 1786 -1502 -1390 3038 1 464 -2821 -4481 2941 537 -3143 859 -1680 1691 -3634 -4868 -1468 -2344 4894 3267 -3256 -90 -2431 -4827 1860 4190 3296 4487 2227 -3097 2497 -1672 3856 2404 2555 4821 -2392 -1699 -4699 -2620 -3968 -1481 -2132 -488 481 -3995 4306 -2363 4358 1935 -3843
Test 83 failed due to excessive moves (1656 > 700): push_swap -3675 1246 -1551 -3454 494 2563 -56 -2609 4143 2163 327 3013 -2678 -3007 -3507 -995 -910 -550 1521 2183 273 -3967 1254 -160 -4384 -2462 -760 2746 4126 -3501 -4294 2528 1550 2979 2627 -4218 4237 -4750 -2792 1751 2983 4964 -2270 -4315 129 2698 -2355 -2275 4122 -95 -4912 -2789 3530 3236 -570 648 627 -3769 -987 -42 -2474 -671 -4378 -4170 217 -1707 -1177 4216 -1149 -3851 -427 -2335 -3942 2854 -1464 4292 -1784 -3859 3682 -4193 -4012 530 -4545 -2860 -4161 -4512 -3477 859 -1758 1512 -3434 443 4898 577 -1536 -1312 -1779 -3146 -80 4867
Test 84 failed due to excessive moves (1828 > 700): push_swap -3348 742 3505 -4288 -1224 1110 -3914 -2988 784 -2376 4017 -3046 -1438 -1551 -193 3465 4698 1085 -52 2519 -1498 1234 856 -4093 -3301 -1333 -1687 -3526 121 -1095 4289 1176 -1507 -2054 -4203 -3714 567 -665 3362 -1761 485 2360 -128 1379 -332 220 4530 3408 -3747 3825 2388 -4698 -3403 -4944 -3249 -1529 -2608 3403 -595 2785 478 1915 -2407 -3538 -3251 -3970 -68 -5 -2877 493 3414 2058 -1324 -4177 1965 2231 522 3914 2444 3003 2363 4690 -2357 1350 -3275 -2838 944 -3548 2436 -2200 -113 -3016 974 1669 2729 -3685 -2851 -4433 -1390 2726
Test 85 failed due to excessive moves (1880 > 700): push_swap 4539 642 101 974 -4203 625 -2749 1952 226 -3569 1168 4258 -984 2759 183 -2844 -21 -3731 -3812 -3902 1229 -1226 -3163 -4525 -2500 -2344 -277 -1560 3614 -4432 536 1709 -434 -2425 4225 2319 -4977 -3866 3936 1190 885 318 -1896 -1486 -837 332 1844 -4645 3299 -3540 -3841 1575 -691 2340 4837 3859 -894 -4025 4917 -1033 -3704 -1294 3068 -3455 -1864 2660 125 2130 -2626 320 -3637 914 1508 -224 1512 -363 530 1908 -4099 -2862 -3533 1936 3781 -4502 1558 3999 -4623 819 -2972 3979 3712 -2404 -4326 -2297 1323 2856 -1731 -2036 705 -3048
Test 86 failed due to excessive moves (1802 > 700): push_swap 4201 -3574 -4342 2807 765 -1505 1932 -4792 669 3813 2915 -1517 1986 2222 -4060 -4578 -4313 2384 -2732 -1787 -3709 1806 2367 -1190 632 -1598 3024 2977 2498 617 -1341 3526 3809 -79 -3599 357 -1596 -896 -4784 2636 -2059 -218 -3442 -4537 -1573 -1476 -3250 4868 -2429 -1162 -3301 2469 -819 161 3692 246 -4755 -2787 -2602 4017 -4995 803 -3389 1518 -4890 -50 -543 1061 677 -308 3122 -69 -172 1818 -3302 673 1374 -3443 477 -2318 2125 1063 -4776 -3311 4458 -4702 -418 -2933 -2360 1066 -824 528 -3268 2356 3512 -2197 -3912 882 -4992 -2853
Test 87 failed due to excessive moves (1864 > 700): push_swap -4079 -4780 3660 -669 -3855 -31 -384 3184 210 3823 3259 -2046 335 2831 -3119 4206 4836 -2899 362 198 3120 0 4377 4747 -1212 3742 4996 1379 283 1639 -1719 4331 -2324 -1388 2165 -1720 772 4577 171 1142 2413 -3978 -3785 -4094 -2670 4805 1307 930 -2471 3139 4791 -1931 -1631 2500 372 -3125 2013 -2296 -405 -3564 -662 2111 1422 -2029 -380 2220 889 -3713 1622 3487 -1504 452 638 2717 -4720 -1967 -3539 2949 -2356 4041 2427 1147 1409 2597 -3584 -3278 693 -1820 706 1092 671 4717 -1056 4001 -803 1399 -3232 -2768 -2802 1331
Test 88 failed due to excessive moves (1803 > 700): push_swap 2751 4038 -3550 1698 -1212 -180 1981 4891 -4685 -4637 1711 -3258 1899 -2459 -3744 2059 -3174 -785 -44 -956 360 -4520 -4243 2849 -2754 3598 -3729 -4848 2290 -3563 -960 1428 2119 -686 -4490 3838 -2880 -4902 -4427 -3674 -2769 107 3707 -2706 380 -4681 -463 -625 2723 -1362 4416 541 4953 -3807 -4460 -4124 -623 3812 -2766 -2905 -1636 -3736 211 937 -4647 -4197 -2316 -4789 1255 -1199 -1046 -3543 -973 3767 -4495 -3603 4634 1416 -2722 -492 912 -4347 4148 210 -3755 -2216 2606 -4079 -2993 -612 1031 1556 -161 -4188 3554 -4417 3591 298 3150 -2789
Test 89 failed due to excessive moves (1729 > 700): push_swap -3407 15 -3774 3953 4530 3822 -3026 -2731 4436 3664 -4180 3715 -3634 2325 2681 -1075 -1981 797 -991 4612 -3974 4336 843 -2351 1615 2102 4915 1746 -2826 2220 -3697 -3577 2007 -690 -318 1920 -4696 4251 -3185 2692 3165 2241 -3657 2336 1880 4949 -3676 -3589 1246 3868 -2881 -3501 1113 -645 3954 3291 -2650 3428 3062 -508 -2285 -1810 1242 -153 -4238 -989 1557 4016 918 -4424 612 2198 25 -2639 -547 1846 -2897 956 4934 -2576 -1621 1931 -1597 -3235 3816 4090 -1099 233 1948 -4493 3318 -4876 -784 3267 -1991 571 46 -961 -3131 -2899
Test 90 failed due to excessive moves (1818 > 700): push_swap -2144 3355 2576 2465 -4545 -3015 -2150 -2572 -832 -4535 -345 -4984 110 -4951 -4706 4899 -3465 3572 507 -4780 -3165 -1299 -749 2788 4362 -4359 -3709 2604 2325 1212 1313 -4287 -4073 669 100 -3772 -1566 1238 1765 4546 2227 3861 -3957 -2569 -2358 2809 329 -1514 -3907 4441 -3256 -2621 -1681 -2808 -4846 -2949 -4908 -1339 -2755 -3014 -4982 2840 4215 -4975 -2260 227 -4724 281 2058 2387 -4602 -136 380 2629 -4813 -3879 -867 -514 -2774 -2628 -2909 -640 1962 -1332 -3161 2796 -3210 -26 -2742 3172 -4806 2272 -4037 -3857 -1051 -4930 -326 -2366 1122 -2519
Test 91 failed due to excessive moves (1823 > 700): push_swap 3830 2408 -4816 -4101 3610 -3785 2008 -376 -3417 3718 515 1239 3132 3867 -1224 4743 -385 1565 -397 288 3214 -3007 -4237 -1848 -3521 3551 13 2458 4829 -209 -4917 3193 -902 -3826 -2893 1829 3198 -1327 -1556 2102 2675 -3963 124 3519 -1314 -770 -3396 4091 -2602 4556 112 -1559 2779 3359 -2573 1454 -3026 -2642 -693 503 2240 1066 -4218 -4872 456 -2557 1860 -3536 -805 2299 -3787 -963 2405 1858 -886 557 -1473 -3434 -1823 2452 -924 -1501 2348 -1542 1701 4187 -3663 2846 -2545 -1958 -4678 -1606 -115 4387 -3604 845 -2991 -1245 -284 -4542
Test 92 failed due to excessive moves (1765 > 700): push_swap 4134 1232 -2269 -3878 -755 -1674 -2547 1291 -4446 933 -3295 311 1361 3211 -2190 393 -4403 1196 860 2998 1538 1803 -319 -3176 4721 3648 -1748 -3927 -3375 -463 3104 2362 -3569 3645 1621 4544 -4678 3294 -1424 -4600 -4151 244 2143 -4413 -707 3265 -2983 -1189 1494 -444 -2979 -4290 2615 -4223 2182 -1602 -4757 1381 2761 345 -4024 4099 -1910 -2970 509 1292 190 3149 -3298 -4569 2552 -4054 3178 1543 -2710 -3139 -300 396 4807 4398 183 -2567 2869 1681 -3939 1310 -2939 2537 -4492 -3285 -2006 -3470 -3585 -1259 -292 4494 -4952 -608 2913 -2233
Test 93 failed due to excessive moves (1862 > 700): push_swap -2522 -1499 -3026 -496 764 3691 -4267 4742 90 -831 -3762 -1409 2485 1622 -468 4940 1863 2210 2565 1954 -1882 -604 291 -944 4831 3888 -1265 -4762 412 -4348 -1657 -3986 -1472 3097 4555 2860 220 -736 880 1720 -1641 -2989 1981 2632 2114 2639 -1626 3648 1330 3037 -2921 -4708 -3895 -516 1704 -2378 -2472 -3828 -1306 -454 144 1086 -4458 1082 1978 -2806 1845 -90 4516 2254 3434 2455 -1655 -4143 -3086 1866 -3430 -4653 -3654 2036 -1449 -2741 -69 -4719 128 3281 26 -268 -2665 -1000 4835 -391 -3396 2624 1908 2185 -4720 1886 957 -2877
Test 94 failed due to excessive moves (1790 > 700): push_swap -2573 4038 3299 -4833 -891 -844 -2579 -1476 -2722 -4507 -3924 2744 -1777 360 2286 2198 3757 -3029 1835 -2648 4884 -1727 -3243 -2345 3668 -4254 -1763 4445 770 1177 2619 -3115 -4943 -1185 2690 3858 -3495 4119 4764 3961 1696 -2857 -4546 4114 4601 -4147 -1963 -639 4066 -1736 -2622 -3736 -4903 -3466 -3553 -174 3862 2451 639 -4716 735 3503 526 4674 -2861 4336 -4642 -2760 -3158 2447 3938 816 2849 -1866 4529 -3809 -3278 2474 -2704 -2928 4836 -4332 23 289 -4607 -3321 4794 -3755 -4498 2993 4018 1973 2652 -3000 -4971 -3194 -3589 -4283 1552 -842
Test 95 failed due to excessive moves (1903 > 700): push_swap 1678 -4255 -870 1226 4320 3089 1633 1159 -4738 -1198 -2870 3289 -4285 -4907 4731 -4020 4432 4842 1981 3294 -626 -775 -4671 -4691 -154 4954 -2902 -3158 -1340 -712 3478 3273 3279 -1580 -3103 864 -4642 2046 -1917 3177 138 -170 370 3249 -3420 2365 4072 -4463 -2618 540 -2412 2283 -1642 -1982 -684 1917 968 -1220 115 -1506 4179 -2287 2136 -3236 -462 -3375 1202 3364 -2521 2490 -2197 3194 -4835 -3784 3843 -2239 -4639 331 4438 -68 -4673 -4766 3810 205 580 1986 4761 3850 -3615 -1988 -3600 -2715 -2788 2657 -4129 3789 1858 2251 -3966 103
Test 96 failed due to excessive moves (1789 > 700): push_swap -1191 -4693 1657 1406 -3229 -2457 -4375 2408 -3027 4994 -3326 2648 -439 3941 -3573 4521 4298 3997 2312 4024 307 4957 2008 -1737 2180 -2708 1673 -3289 -4669 1462 -4299 4744 699 -3981 1454 -988 -1262 3696 -2936 -4260 3049 3524 -1506 820 -4002 1756 -49 4387 2812 -4569 -495 -3994 4348 -3560 726 4417 3684 2819 -1841 -75 4990 1991 2493 -939 2947 -4327 -2516 -809 -2892 2896 4962 -4557 -2354 1975 1539 -3803 -1855 1711 4104 2723 2508 4097 1561 2017 -1870 2706 4696 -1498 -1844 4427 -2589 -1801 -1513 2012 3876 3267 -1187 2633 3581 -2137
Test 97 failed due to excessive moves (1804 > 700): push_swap -4678 3175 -1185 -915 -2187 2592 -2331 -3995 4783 2950 477 4249 -3758 1453 -975 -2777 -4965 -3890 1195 2054 4293 2082 -1289 4748 717 -1018 -4455 -1702 -2900 79 2146 -3333 3160 -2222 -4187 -4030 -1536 -2626 4467 -4799 -3585 -1675 -2852 -3 -1128 1731 3983 2888 -4088 317 -3863 -3293 3940 -2931 646 -202 -2365 -3665 -518 -4102 2901 -4486 -1670 -2549 -3899 3101 -1290 -2126 -854 -2923 -1811 2932 1280 2490 4803 3730 -3300 2371 476 352 -745 1546 -4005 3390 -3308 -519 873 97 3164 11 -2990 -3587 -3018 -773 -1278 -781 1302 -4739 -1532 -1865
Test 98 failed due to excessive moves (1783 > 700): push_swap -3186 2533 233 742 -2531 -2530 -4116 -180 -3588 -3005 1865 4722 183 2052 -3767 -1013 -1495 -4924 504 -707 3731 -4680 1445 -1246 773 -3205 2082 -1024 1143 4350 -4345 1178 2234 3762 -4647 1458 780 -1546 4039 4558 3065 -3856 -3568 4482 2163 -3911 3628 4396 2649 4990 -4993 -3239 -761 4638 -1786 750 1328 -1619 -3958 -4332 27 -1988 -3897 -1131 -1444 -3959 2758 -731 -4899 -3608 2335 -4055 2256 694 3588 1365 3542 -2724 -669 -4892 4418 -1287 -3003 -3428 2252 2474 -508 4302 3556 -906 -2330 -754 -3244 3202 -4709 602 -972 1047 -4691 -624
Test 99 failed due to excessive moves (1697 > 700): push_swap -4979 -2262 1924 3776 4657 -4775 -1100 -4641 -3081 -1567 -3815 -3805 -4599 -1388 -1398 -3592 773 3879 782 -3070 -2386 -4996 4758 1815 -4256 1629 117 -4040 4065 -3204 -4847 -4678 -4023 -995 -4303 -1514 -2373 2188 -924 -3076 -1301 -2357 -367 -4532 -1906 -1354 -3357 -4981 42 804 -974 296 -2041 2775 -319 1432 1693 1363 -1892 -1572 -3547 -4509 -4344 883 -3823 -2987 4168 -3355 4251 397 -2955 -2201 -1665 -999 -754 4341 -3862 209 4173 2646 1941 -689 4586 -1573 -2922 4952 -2143 3042 -2469 2249 -2172 -4239 4380 -34 3231 -4245 -962 -2589 -2581 -4421
Test 100 failed due to excessive moves (1815 > 700): push_swap -2355 -2184 1908 4522 1412 -4961 4700 4237 -1114 2221 4969 2567 662 -3649 -2961 -2962 -3080 4228 1990 -327 -3906 -1717 -3253 4878 2216 -655 -2388 -726 4513 -1556 -2742 2932 -500 3252 4495 -1122 948 2492 -2794 -3324 3681 -974 -2397 -2523 -950 4493 -3123 843 -3605 -4207 882 -4840 -1289 -2813 1970 -4511 -3988 -4832 2037 1433 -2632 -4705 864 -1387 -4520 -659 -1171 1502 2225 446 -3346 -363 3604 -1133 -238 682 -77 -4528 1269 -1259 -1892 3578 -3717 3007 -2716 -4778 -4013 -3589 -2313 -2963 -2185 -4471 -589 4533 -2371 2251 -1926 2288 2148 -2442
Number of failed tests: 100
